0.0 0
0.5 0
1.0 0
1.5 0
2.0 0
2.5 0
3.0 0
3.5 0
4.0 0
4.5 0
5.0 11
5.5 27
6.0 43
6.5 66
7.0 76
7.5 76
8.0 76
8.5 76
9.0 79
9.5 83
10.0 94
10.5 100
11.0 109
11.5 109
12.0 109
12.5 109
13.0 109
13.5 109
14.0 109
14.5 109
15.0 109
15.5 110
16.0 114
16.5 124
17.0 130
17.5 135
18.0 144
18.5 148
19.0 149
19.5 149
20.0 149
20.5 155
21.0 156
21.5 164
22.0 172
22.5 176
23.0 179
23.5 187
24.0 190
24.5 192
25.0 194
25.5 195
26.0 197
26.5 198
27.0 200
27.5 203
28.0 205
28.5 209
29.0 211
29.5 211
30.0 211
30.5 211
31.0 212
31.5 213
32.0 217
32.5 218
33.0 219
33.5 219
34.0 223
34.5 223
35.0 224
35.5 229
36.0 235
36.5 238
37.0 242
37.5 245
38.0 249
38.5 251
39.0 255
39.5 255
40.0 257
40.5 259
41.0 266
41.5 271
42.0 274
42.5 276
43.0 282
43.5 288
44.0 290
44.5 294
45.0 296
45.5 299
46.0 303
46.5 308
47.0 312
47.5 319
48.0 321
48.5 322
49.0 323
49.5 323
50.0 323
50.5 325
51.0 327
51.5 329
52.0 333
52.5 338
53.0 341
53.5 346
54.0 348
54.5 352
55.0 356
55.5 357
56.0 358
56.5 360
57.0 365
57.5 365
58.0 371
58.5 375
59.0 378
59.5 382
60.0 388
60.5 390
61.0 395
61.5 398
62.0 401
62.5 405
63.0 408
63.5 412
64.0 426
64.5 430
65.0 435
65.5 439
66.0 441
66.5 444
67.0 447
67.5 454
68.0 460
68.5 464
69.0 472
69.5 479
70.0 487
70.5 490
71.0 497
71.5 502
72.0 505
72.5 514
73.0 522
73.5 526
74.0 532
74.5 536
75.0 544
75.5 549
76.0 559
76.5 579
77.0 591
77.5 599
78.0 608
78.5 611
79.0 622
79.5 629
80.0 637
80.5 640
81.0 641
81.5 647
82.0 655
82.5 661
