0.0 0 1 0
0.0 0 2 0
0.0 1 2 0
0.0 1 3 0
0.0 2 1 0
0.0 2 3 0
0.5 0 1 20
0.5 0 2 50
0.5 1 2 43
0.5 1 3 28
0.5 2 1 31
0.5 2 3 48
1.0 0 1 20
1.0 0 2 50
1.0 1 2 43
1.0 1 3 28
1.0 2 1 31
1.0 2 3 48
1.5 0 1 20
1.5 0 2 50
1.5 1 2 43
1.5 1 3 28
1.5 2 1 31
1.5 2 3 48
2.0 0 1 20
2.0 0 2 50
2.0 1 2 43
2.0 1 3 28
2.0 2 1 31
2.0 2 3 48
2.5 0 1 20
2.5 0 2 50
2.5 1 2 43
2.5 1 3 28
2.5 2 1 31
2.5 2 3 48
3.0 0 1 20
3.0 0 2 50
3.0 1 2 43
3.0 1 3 28
3.0 2 1 31
3.0 2 3 48
3.5 0 1 20
3.5 0 2 50
3.5 1 2 43
3.5 1 3 28
3.5 2 1 31
3.5 2 3 48
4.0 0 1 18
4.0 0 2 27
4.0 1 2 44
4.0 1 3 29
4.0 2 1 42
4.0 2 3 60
4.5 0 1 7
4.5 0 2 0
4.5 1 2 50
4.5 1 3 34
4.5 2 1 57
4.5 2 3 72
5.0 0 1 0
5.0 0 2 0
5.0 1 2 54
5.0 1 3 26
5.0 2 1 57
5.0 2 3 72
5.5 0 1 0
5.5 0 2 0
5.5 1 2 54
5.5 1 3 10
5.5 2 1 57
5.5 2 3 72
6.0 0 1 0
6.0 0 2 0
6.0 1 2 54
6.0 1 3 9
6.0 2 1 57
6.0 2 3 57
6.5 0 1 0
6.5 0 2 0
6.5 1 2 54
6.5 1 3 9
6.5 2 1 57
6.5 2 3 34
7.0 0 1 0
7.0 0 2 0
7.0 1 2 54
7.0 1 3 9
7.0 2 1 57
7.0 2 3 24
7.5 0 1 10
7.5 0 2 24
7.5 1 2 54
7.5 1 3 9
7.5 2 1 57
7.5 2 3 24
8.0 0 1 21
8.0 0 2 41
8.0 1 2 54
8.0 1 3 9
8.0 2 1 57
8.0 2 3 24
8.5 0 1 26
8.5 0 2 54
8.5 1 2 54
8.5 1 3 9
8.5 2 1 57
8.5 2 3 24
9.0 0 1 26
9.0 0 2 54
9.0 1 2 54
9.0 1 3 6
9.0 2 1 57
9.0 2 3 24
9.5 0 1 26
9.5 0 2 54
9.5 1 2 54
9.5 1 3 4
9.5 2 1 57
9.5 2 3 22
10.0 0 1 26
10.0 0 2 54
10.0 1 2 54
10.0 1 3 1
10.0 2 1 57
10.0 2 3 14
10.5 0 1 26
10.5 0 2 54
10.5 1 2 54
10.5 1 3 0
10.5 2 1 57
10.5 2 3 9
11.0 0 1 23
11.0 0 2 46
11.0 1 2 56
11.0 1 3 1
11.0 2 1 60
11.0 2 3 5
11.5 0 1 16
11.5 0 2 29
11.5 1 2 59
11.5 1 3 5
11.5 2 1 69
11.5 2 3 13
12.0 0 1 13
12.0 0 2 21
12.0 1 2 64
12.0 1 3 8
12.0 2 1 74
12.0 2 3 19
12.5 0 1 11
12.5 0 2 9
12.5 1 2 66
12.5 1 3 11
12.5 2 1 80
12.5 2 3 28
13.0 0 1 17
13.0 0 2 14
13.0 1 2 69
13.0 1 3 11
13.0 2 1 82
13.0 2 3 29
13.5 0 1 24
13.5 0 2 27
13.5 1 2 69
13.5 1 3 11
13.5 2 1 82
13.5 2 3 29
14.0 0 1 27
14.0 0 2 33
14.0 1 2 69
14.0 1 3 11
14.0 2 1 82
14.0 2 3 29
14.5 0 1 30
14.5 0 2 40
14.5 1 2 69
14.5 1 3 11
14.5 2 1 82
14.5 2 3 29
15.0 0 1 32
15.0 0 2 44
15.0 1 2 69
15.0 1 3 11
15.0 2 1 82
15.0 2 3 29
15.5 0 1 30
15.5 0 2 42
15.5 1 2 69
15.5 1 3 12
15.5 2 1 84
15.5 2 3 30
16.0 0 1 28
16.0 0 2 40
16.0 1 2 72
16.0 1 3 12
16.0 2 1 83
16.0 2 3 30
16.5 0 1 28
16.5 0 2 33
16.5 1 2 77
16.5 1 3 14
16.5 2 1 80
16.5 2 3 25
17.0 0 1 18
17.0 0 2 23
17.0 1 2 80
17.0 1 3 19
17.0 2 1 91
17.0 2 3 23
17.5 0 1 15
17.5 0 2 24
17.5 1 2 82
17.5 1 3 20
17.5 2 1 93
17.5 2 3 23
18.0 0 1 13
18.0 0 2 23
18.0 1 2 85
18.0 1 3 23
18.0 2 1 91
18.0 2 3 17
18.5 0 1 11
18.5 0 2 16
18.5 1 2 86
18.5 1 3 28
18.5 2 1 96
18.5 2 3 15
19.0 0 1 12
19.0 0 2 22
19.0 1 2 87
19.0 1 3 28
19.0 2 1 96
19.0 2 3 15
19.5 0 1 10
19.5 0 2 21
19.5 1 2 89
19.5 1 3 30
19.5 2 1 95
19.5 2 3 15
20.0 0 1 9
20.0 0 2 20
20.0 1 2 91
20.0 1 3 30
20.0 2 1 95
20.0 2 3 15
20.5 0 1 8
20.5 0 2 17
20.5 1 2 92
20.5 1 3 25
20.5 2 1 96
20.5 2 3 16
21.0 0 1 7
21.0 0 2 11
21.0 1 2 93
21.0 1 3 25
21.0 2 1 101
21.0 2 3 16
21.5 0 1 7
21.5 0 2 9
21.5 1 2 97
21.5 1 3 20
21.5 2 1 97
21.5 2 3 15
22.0 0 1 5
22.0 0 2 8
22.0 1 2 98
22.0 1 3 18
22.0 2 1 96
22.0 2 3 12
22.5 0 1 4
22.5 0 2 4
22.5 1 2 98
22.5 1 3 17
22.5 2 1 99
22.5 2 3 12
23.0 0 1 2
23.0 0 2 2
23.0 1 2 100
23.0 1 3 18
23.0 2 1 99
23.0 2 3 13
23.5 0 1 6
23.5 0 2 7
23.5 1 2 100
23.5 1 3 14
23.5 2 1 98
23.5 2 3 10
24.0 0 1 7
24.0 0 2 10
24.0 1 2 101
24.0 1 3 13
24.0 2 1 97
24.0 2 3 8
24.5 0 1 8
24.5 0 2 12
24.5 1 2 101
24.5 1 3 12
24.5 2 1 97
24.5 2 3 7
25.0 0 1 10
25.0 0 2 14
25.0 1 2 101
25.0 1 3 11
25.0 2 1 97
25.0 2 3 6
25.5 0 1 12
25.5 0 2 17
25.5 1 2 101
25.5 1 3 10
25.5 2 1 97
25.5 2 3 6
26.0 0 1 14
26.0 0 2 21
26.0 1 2 101
26.0 1 3 10
26.0 2 1 97
26.0 2 3 4
26.5 0 1 13
26.5 0 2 21
26.5 1 2 101
26.5 1 3 11
26.5 2 1 100
26.5 2 3 4
27.0 0 1 12
27.0 0 2 17
27.0 1 2 101
27.0 1 3 10
27.0 2 1 105
27.0 2 3 5
27.5 0 1 11
27.5 0 2 18
27.5 1 2 102
27.5 1 3 10
27.5 2 1 106
27.5 2 3 4
28.0 0 1 12
28.0 0 2 17
28.0 1 2 102
28.0 1 3 9
28.0 2 1 107
28.0 2 3 4
28.5 0 1 14
28.5 0 2 17
28.5 1 2 102
28.5 1 3 7
28.5 2 1 108
28.5 2 3 5
29.0 0 1 14
29.0 0 2 21
29.0 1 2 102
29.0 1 3 9
29.0 2 1 110
29.0 2 3 3
29.5 0 1 13
29.5 0 2 17
29.5 1 2 103
29.5 1 3 10
29.5 2 1 112
29.5 2 3 6
30.0 0 1 15
30.0 0 2 17
30.0 1 2 104
30.0 1 3 10
30.0 2 1 113
30.0 2 3 8
30.5 0 1 13
30.5 0 2 14
30.5 1 2 104
30.5 1 3 12
30.5 2 1 114
30.5 2 3 10
31.0 0 1 15
31.0 0 2 15
31.0 1 2 104
31.0 1 3 11
31.0 2 1 114
31.0 2 3 11
31.5 0 1 14
31.5 0 2 19
31.5 1 2 104
31.5 1 3 13
31.5 2 1 114
31.5 2 3 11
32.0 0 1 13
32.0 0 2 15
32.0 1 2 104
32.0 1 3 13
32.0 2 1 116
32.0 2 3 13
32.5 0 1 11
32.5 0 2 12
32.5 1 2 106
32.5 1 3 13
32.5 2 1 116
32.5 2 3 17
33.0 0 1 11
33.0 0 2 13
33.0 1 2 106
33.0 1 3 12
33.0 2 1 117
33.0 2 3 18
33.5 0 1 11
33.5 0 2 11
33.5 1 2 106
33.5 1 3 13
33.5 2 1 119
33.5 2 3 18
34.0 0 1 8
34.0 0 2 11
34.0 1 2 102
34.0 1 3 14
34.0 2 1 121
34.0 2 3 18
34.5 0 1 9
34.5 0 2 10
34.5 1 2 101
34.5 1 3 14
34.5 2 1 123
34.5 2 3 19
35.0 0 1 9
35.0 0 2 10
35.0 1 2 100
35.0 1 3 14
35.0 2 1 124
35.0 2 3 22
35.5 0 1 7
35.5 0 2 8
35.5 1 2 98
35.5 1 3 14
35.5 2 1 124
35.5 2 3 23
36.0 0 1 7
36.0 0 2 7
36.0 1 2 97
36.0 1 3 12
36.0 2 1 124
36.0 2 3 22
36.5 0 1 7
36.5 0 2 7
36.5 1 2 96
36.5 1 3 12
36.5 2 1 124
36.5 2 3 24
37.0 0 1 8
37.0 0 2 6
37.0 1 2 94
37.0 1 3 11
37.0 2 1 125
37.0 2 3 24
37.5 0 1 8
37.5 0 2 7
37.5 1 2 89
37.5 1 3 10
37.5 2 1 125
37.5 2 3 27
38.0 0 1 8
38.0 0 2 6
38.0 1 2 85
38.0 1 3 10
38.0 2 1 125
38.0 2 3 29
38.5 0 1 8
38.5 0 2 4
38.5 1 2 83
38.5 1 3 10
38.5 2 1 126
38.5 2 3 31
39.0 0 1 9
39.0 0 2 4
39.0 1 2 81
39.0 1 3 9
39.0 2 1 126
39.0 2 3 32
39.5 0 1 10
39.5 0 2 4
39.5 1 2 79
39.5 1 3 9
39.5 2 1 126
39.5 2 3 34
40.0 0 1 11
40.0 0 2 4
40.0 1 2 78
40.0 1 3 9
40.0 2 1 126
40.0 2 3 33
40.5 0 1 9
40.5 0 2 4
40.5 1 2 73
40.5 1 3 9
40.5 2 1 127
40.5 2 3 38
41.0 0 1 6
41.0 0 2 2
41.0 1 2 72
41.0 1 3 9
41.0 2 1 127
41.0 2 3 37
41.5 0 1 6
41.5 0 2 5
41.5 1 2 68
41.5 1 3 7
41.5 2 1 128
41.5 2 3 38
42.0 0 1 5
42.0 0 2 5
42.0 1 2 67
42.0 1 3 7
42.0 2 1 128
42.0 2 3 37
42.5 0 1 7
42.5 0 2 4
42.5 1 2 67
42.5 1 3 6
42.5 2 1 128
42.5 2 3 37
43.0 0 1 8
43.0 0 2 7
43.0 1 2 67
43.0 1 3 8
43.0 2 1 128
43.0 2 3 31
43.5 0 1 9
43.5 0 2 10
43.5 1 2 68
43.5 1 3 7
43.5 2 1 128
43.5 2 3 26
44.0 0 1 9
44.0 0 2 13
44.0 1 2 68
44.0 1 3 8
44.0 2 1 128
44.0 2 3 25
44.5 0 1 10
44.5 0 2 14
44.5 1 2 68
44.5 1 3 7
44.5 2 1 128
44.5 2 3 22
45.0 0 1 10
45.0 0 2 16
45.0 1 2 68
45.0 1 3 7
45.0 2 1 128
45.0 2 3 22
45.5 0 1 11
45.5 0 2 15
45.5 1 2 69
45.5 1 3 7
45.5 2 1 128
45.5 2 3 20
46.0 0 1 12
46.0 0 2 18
46.0 1 2 69
46.0 1 3 4
46.0 2 1 128
46.0 2 3 20
46.5 0 1 11
46.5 0 2 18
46.5 1 2 70
46.5 1 3 4
46.5 2 1 128
46.5 2 3 16
47.0 0 1 10
47.0 0 2 14
47.0 1 2 70
47.0 1 3 6
47.0 2 1 128
47.0 2 3 16
47.5 0 1 8
47.5 0 2 9
47.5 1 2 71
47.5 1 3 7
47.5 2 1 128
47.5 2 3 15
48.0 0 1 9
48.0 0 2 9
48.0 1 2 72
48.0 1 3 7
48.0 2 1 127
48.0 2 3 15
48.5 0 1 10
48.5 0 2 9
48.5 1 2 74
48.5 1 3 7
48.5 2 1 125
48.5 2 3 18
49.0 0 1 12
49.0 0 2 9
49.0 1 2 72
49.0 1 3 7
49.0 2 1 126
49.0 2 3 20
49.5 0 1 10
49.5 0 2 11
49.5 1 2 73
49.5 1 3 9
49.5 2 1 125
49.5 2 3 23
50.0 0 1 10
50.0 0 2 12
50.0 1 2 74
50.0 1 3 10
50.0 2 1 124
50.0 2 3 23
50.5 0 1 9
50.5 0 2 15
50.5 1 2 74
50.5 1 3 10
50.5 2 1 124
50.5 2 3 22
51.0 0 1 10
51.0 0 2 20
51.0 1 2 75
51.0 1 3 10
51.0 2 1 122
51.0 2 3 22
51.5 0 1 10
51.5 0 2 21
51.5 1 2 75
51.5 1 3 10
51.5 2 1 122
51.5 2 3 23
52.0 0 1 10
52.0 0 2 20
52.0 1 2 74
52.0 1 3 9
52.0 2 1 123
52.0 2 3 24
52.5 0 1 9
52.5 0 2 21
52.5 1 2 76
52.5 1 3 9
52.5 2 1 121
52.5 2 3 22
53.0 0 1 7
53.0 0 2 18
53.0 1 2 74
53.0 1 3 10
53.0 2 1 121
53.0 2 3 26
53.5 0 1 7
53.5 0 2 18
53.5 1 2 75
53.5 1 3 11
53.5 2 1 120
53.5 2 3 22
54.0 0 1 11
54.0 0 2 17
54.0 1 2 76
54.0 1 3 10
54.0 2 1 119
54.0 2 3 24
54.5 0 1 10
54.5 0 2 16
54.5 1 2 76
54.5 1 3 10
54.5 2 1 119
54.5 2 3 26
55.0 0 1 11
55.0 0 2 15
55.0 1 2 83
55.0 1 3 9
55.0 2 1 113
55.0 2 3 27
55.5 0 1 10
55.5 0 2 19
55.5 1 2 83
55.5 1 3 10
55.5 2 1 113
55.5 2 3 28
56.0 0 1 10
56.0 0 2 19
56.0 1 2 84
56.0 1 3 11
56.0 2 1 112
56.0 2 3 28
56.5 0 1 9
56.5 0 2 18
56.5 1 2 85
56.5 1 3 12
56.5 2 1 110
56.5 2 3 29
57.0 0 1 9
57.0 0 2 17
57.0 1 2 87
57.0 1 3 9
57.0 2 1 107
57.0 2 3 29
57.5 0 1 7
57.5 0 2 16
57.5 1 2 90
57.5 1 3 11
57.5 2 1 104
57.5 2 3 30
58.0 0 1 7
58.0 0 2 13
58.0 1 2 87
58.0 1 3 9
58.0 2 1 102
58.0 2 3 36
58.5 0 1 4
58.5 0 2 13
58.5 1 2 86
58.5 1 3 15
58.5 2 1 101
58.5 2 3 35
59.0 0 1 5
59.0 0 2 10
59.0 1 2 86
59.0 1 3 16
59.0 2 1 98
59.0 2 3 38
59.5 0 1 6
59.5 0 2 8
59.5 1 2 88
59.5 1 3 16
59.5 2 1 96
59.5 2 3 38
60.0 0 1 7
60.0 0 2 7
60.0 1 2 88
60.0 1 3 17
60.0 2 1 95
60.0 2 3 35
60.5 0 1 8
60.5 0 2 11
60.5 1 2 89
60.5 1 3 16
60.5 2 1 94
60.5 2 3 34
61.0 0 1 9
61.0 0 2 12
61.0 1 2 88
61.0 1 3 15
61.0 2 1 93
61.0 2 3 32
61.5 0 1 11
61.5 0 2 14
61.5 1 2 88
61.5 1 3 15
61.5 2 1 92
61.5 2 3 33
62.0 0 1 11
62.0 0 2 15
62.0 1 2 86
62.0 1 3 13
62.0 2 1 92
62.0 2 3 35
62.5 0 1 11
62.5 0 2 14
62.5 1 2 88
62.5 1 3 15
62.5 2 1 89
62.5 2 3 33
63.0 0 1 9
63.0 0 2 15
63.0 1 2 88
63.0 1 3 17
63.0 2 1 87
63.0 2 3 33
63.5 0 1 9
63.5 0 2 14
63.5 1 2 85
63.5 1 3 18
63.5 2 1 84
63.5 2 3 37
64.0 0 1 7
64.0 0 2 13
64.0 1 2 83
64.0 1 3 15
64.0 2 1 83
64.0 2 3 35
64.5 0 1 9
64.5 0 2 12
64.5 1 2 80
64.5 1 3 15
64.5 2 1 81
64.5 2 3 38
65.0 0 1 9
65.0 0 2 10
65.0 1 2 81
65.0 1 3 17
65.0 2 1 78
65.0 2 3 37
65.5 0 1 7
65.5 0 2 10
65.5 1 2 85
65.5 1 3 20
65.5 2 1 74
65.5 2 3 35
66.0 0 1 10
66.0 0 2 11
66.0 1 2 85
66.0 1 3 21
66.0 2 1 72
66.0 2 3 35
66.5 0 1 8
66.5 0 2 12
66.5 1 2 84
66.5 1 3 25
66.5 2 1 69
66.5 2 3 34
67.0 0 1 11
67.0 0 2 13
67.0 1 2 82
67.0 1 3 25
67.0 2 1 65
67.0 2 3 38
67.5 0 1 9
67.5 0 2 15
67.5 1 2 80
67.5 1 3 28
67.5 2 1 60
67.5 2 3 40
68.0 0 1 9
68.0 0 2 18
68.0 1 2 79
68.0 1 3 24
68.0 2 1 60
68.0 2 3 40
68.5 0 1 8
68.5 0 2 17
68.5 1 2 75
68.5 1 3 25
68.5 2 1 59
68.5 2 3 43
69.0 0 1 11
69.0 0 2 19
69.0 1 2 75
69.0 1 3 24
69.0 2 1 58
69.0 2 3 38
69.5 0 1 10
69.5 0 2 17
69.5 1 2 75
69.5 1 3 25
69.5 2 1 56
69.5 2 3 37
70.0 0 1 11
70.0 0 2 20
70.0 1 2 75
70.0 1 3 27
70.0 2 1 53
70.0 2 3 31
70.5 0 1 12
70.5 0 2 22
70.5 1 2 74
70.5 1 3 30
70.5 2 1 50
70.5 2 3 32
71.0 0 1 11
71.0 0 2 19
71.0 1 2 75
71.0 1 3 37
71.0 2 1 40
71.0 2 3 36
71.5 0 1 10
71.5 0 2 19
71.5 1 2 77
71.5 1 3 46
71.5 2 1 27
71.5 2 3 36
72.0 0 1 13
72.0 0 2 23
72.0 1 2 81
72.0 1 3 50
72.0 2 1 16
72.0 2 3 39
72.5 0 1 14
72.5 0 2 26
72.5 1 2 82
72.5 1 3 53
72.5 2 1 8
72.5 2 3 35
73.0 0 1 12
73.0 0 2 25
73.0 1 2 80
73.0 1 3 57
73.0 2 1 6
73.0 2 3 33
73.5 0 1 11
73.5 0 2 29
73.5 1 2 80
73.5 1 3 59
73.5 2 1 4
73.5 2 3 33
74.0 0 1 12
74.0 0 2 26
74.0 1 2 77
74.0 1 3 60
74.0 2 1 3
74.0 2 3 36
74.5 0 1 14
74.5 0 2 24
74.5 1 2 76
74.5 1 3 61
74.5 2 1 2
74.5 2 3 38
75.0 0 1 18
75.0 0 2 25
75.0 1 2 75
75.0 1 3 59
75.0 2 1 2
75.0 2 3 37
75.5 0 1 18
75.5 0 2 23
75.5 1 2 74
75.5 1 3 54
75.5 2 1 3
75.5 2 3 41
76.0 0 1 20
76.0 0 2 21
76.0 1 2 75
76.0 1 3 45
76.0 2 1 2
76.0 2 3 46
76.5 0 1 22
76.5 0 2 23
76.5 1 2 75
76.5 1 3 35
76.5 2 1 2
76.5 2 3 41
77.0 0 1 25
77.0 0 2 19
77.0 1 2 75
77.0 1 3 28
77.0 2 1 2
77.0 2 3 44
77.5 0 1 24
77.5 0 2 19
77.5 1 2 74
77.5 1 3 23
77.5 2 1 2
77.5 2 3 46
78.0 0 1 22
78.0 0 2 21
78.0 1 2 73
78.0 1 3 20
78.0 2 1 2
78.0 2 3 45
78.5 0 1 23
78.5 0 2 20
78.5 1 2 73
78.5 1 3 22
78.5 2 1 1
78.5 2 3 47
79.0 0 1 19
79.0 0 2 19
79.0 1 2 74
79.0 1 3 20
79.0 2 1 1
79.0 2 3 47
79.5 0 1 23
79.5 0 2 17
79.5 1 2 74
79.5 1 3 18
79.5 2 1 1
79.5 2 3 44
80.0 0 1 23
80.0 0 2 19
80.0 1 2 73
80.0 1 3 20
80.0 2 1 1
80.0 2 3 41
80.5 0 1 21
80.5 0 2 18
80.5 1 2 75
80.5 1 3 24
80.5 2 1 0
80.5 2 3 41
81.0 0 1 21
81.0 0 2 19
81.0 1 2 75
81.0 1 3 28
81.0 2 1 0
81.0 2 3 41
81.5 0 1 24
81.5 0 2 20
81.5 1 2 75
81.5 1 3 28
81.5 2 1 0
81.5 2 3 39
82.0 0 1 26
82.0 0 2 17
82.0 1 2 73
82.0 1 3 25
82.0 2 1 0
82.0 2 3 40
82.5 0 1 26
82.5 0 2 17
82.5 1 2 73
82.5 1 3 25
82.5 2 1 0
82.5 2 3 40
