11.38 2 3 50 51
11.60 2 3 51 52
11.83 2 3 52 53
12.05 2 3 53 54
12.25 2 3 54 55
12.43 2 3 55 56
12.63 2 3 56 57
12.83 2 3 57 58
13.02 2 3 58 59
13.22 2 3 59 60
13.40 2 3 60 61
13.62 2 3 61 62
13.80 2 3 62 63
13.98 2 3 63 64
14.23 2 3 64 65
15.33 2 3 65 66
15.85 2 3 66 67
16.07 2 3 67 68
16.30 2 3 68 69
16.50 2 3 69 70
16.72 2 3 70 71
16.90 2 3 71 72
17.10 2 3 72 73
17.30 2 3 73 74
17.48 2 3 74 75
17.68 2 3 75 76
17.88 2 3 76 77
18.07 2 3 77 78
18.27 2 3 78 79
18.47 2 3 79 80
18.67 2 3 80 81
18.87 2 3 81 82
19.07 2 3 82 83
19.28 2 3 83 84
19.45 2 3 84 85
19.65 2 3 85 86
23.45 2 3 86 85
24.63 2 3 85 84
25.13 2 3 84 83
25.33 2 3 83 82
25.55 2 3 82 81
25.75 2 3 81 80
25.95 2 3 80 79
26.13 2 3 79 78
26.52 2 3 78 77
26.72 2 3 77 76
26.93 2 3 76 75
27.12 2 3 75 74
27.32 2 3 74 73
27.50 2 3 73 72
27.70 2 3 72 71
27.87 2 3 71 70
28.07 2 3 70 69
28.28 2 3 69 68
28.45 2 3 68 67
28.67 2 3 67 66
28.87 2 3 66 65
29.07 2 3 65 64
29.25 2 3 64 63
29.45 2 3 63 62
29.63 2 3 62 61
29.83 2 3 61 60
30.02 2 3 60 59
30.22 2 3 59 58
30.40 2 3 58 57
30.60 2 3 57 56
31.02 2 3 56 55
31.25 2 3 55 54
31.45 2 3 54 53
31.67 2 3 53 52
31.88 2 3 52 51
32.08 2 3 51 50
32.27 2 3 50 49
32.46 2 3 49 48
32.68 2 3 48 47
32.87 2 3 47 46
33.08 2 3 46 45
33.28 2 3 45 44
33.48 2 3 44 43
33.68 2 3 43 42
33.88 2 3 42 41
34.07 2 3 41 40
34.30 2 3 40 39
34.50 2 3 39 38
34.72 2 3 38 37
34.93 2 3 37 36
35.13 2 3 36 35
35.30 2 3 35 34
35.52 2 3 34 33
35.70 2 3 33 32
35.92 2 3 32 31
36.10 2 3 31 30
36.32 2 3 30 29
36.51 2 3 29 28
36.73 2 3 28 27
36.93 2 3 27 26
37.17 2 3 26 25
37.38 2 3 25 24
37.60 2 3 24 23
37.83 2 3 23 22
38.03 2 3 22 21
38.25 2 3 21 20
38.52 2 3 20 19
49.65 2 1 50 51
50.03 2 1 51 52
50.55 2 1 52 53
50.86 2 1 53 54
51.10 2 1 54 55
51.30 2 1 55 56
51.52 2 1 56 57
51.71 2 1 57 58
51.91 2 1 58 59
52.13 2 1 59 60
52.37 2 1 60 61
52.56 2 1 61 62
52.77 2 1 62 63
52.97 2 1 63 64
53.18 2 1 64 65
53.40 2 1 65 66
53.62 2 1 66 67
53.83 2 1 67 68
54.05 2 1 68 69
54.27 2 1 69 70
54.45 2 1 70 71
54.67 2 1 71 72
54.87 2 1 72 73
55.11 2 1 73 74
55.33 2 1 74 75
55.53 2 1 75 76
55.76 2 1 76 77
56.03 2 1 77 78
62.48 1 2 50 51
62.76 1 2 51 52
63.05 1 2 52 53
63.28 1 2 53 54
63.50 1 2 54 55
63.73 1 2 55 56
63.96 1 2 56 57
64.18 1 2 57 58
64.41 1 2 58 59
64.63 1 2 59 60
64.86 1 2 60 61
65.08 1 2 61 62
65.28 1 2 62 63
65.50 1 2 63 64
65.71 1 2 64 65
65.90 1 2 65 66
66.10 1 2 66 67
66.30 1 2 67 68
66.53 1 2 68 69
66.73 1 2 69 70
66.95 1 2 70 71
67.16 1 2 71 72
67.38 1 2 72 73
67.60 1 2 73 74
67.81 1 2 74 75
68.01 1 2 75 76
68.21 1 2 76 77
68.43 1 2 77 78
68.65 1 2 78 79
68.88 1 2 79 80
69.15 1 2 80 81
70.93 0 1 50 49
71.31 0 1 49 48
71.71 0 1 48 47
71.96 0 1 47 46
72.20 0 1 46 45
72.40 0 1 45 44
72.60 0 1 44 43
72.78 0 1 43 42
73.00 0 1 42 41
73.18 0 1 41 40
